Webots Project File version R2023a
perspectives: 000000ff00000000fd00000003000000000000000000000000fc0100000001fb0000001a0044006f00630075006d0065006e0074006100740069006f006e0000000000ffffffff0000000000000000000000010000037500000369fc0200000001fb0000001400540065007800740045006400690074006f00720100000016000003690000009d00ffffff00000003000007800000005ffc0100000002fb0000000e0043006f006e0073006f006c006501000000000000073d0000000000000000fb0000001a0043006f006e0073006f006c00650041006c006c0041006c006c0100000000000007800000005400ffffff000004050000036900000001000000020000000100000008fc00000000
simulationViewPerspectives: 000000ff000000010000000200000157000003110100000006010000000100
sceneTreePerspectives: 000000ff000000010000000300000018000000c0000000fc0100000006010000000200
maximizedDockId: -1
centralWidgetVisible: 1
orthographicViewHeight: 1
textFiles: 2 "controllers/Robot_Movement/Sensor_Fusion.py" "controllers/Robot_Movement/VisOdom_integration.py" "controllers/Robot_Movement/Robot_Movement.py"
consoles: Console:All:All
renderingDevicePerspectives: robot:MultiSense S21 left camera;1;0.0588235;0;0
renderingDevicePerspectives: robot:MultiSense S21 right camera;1;0.0588235;0;0
